61375
2247
16203
38255
34754
52810
41522
46700
28540
29558
63646
26554
63387
43681
36959
49000
59005
50034
50680
30162
38579
19716
20186
910
62757
24711
33398
19541
389
61065
49744
55058
38333
13805
41832
55969
32000
54055
49047
5730
54933
15452
35619
25492
33867
44146
21860
43820
61028
24421
53672
55580
49042
1623
29464
3276
49353
46480
19084
37982
40821
31326
25306
51212
60984
48865
14081
4723
61934
42583
26731
62537
63434
25035
25074
39931
50900
60278
55626
24187
54430
43688
56218
33807
58179
52020
11824
7328
37849
58952
43266
63819
54425
20356
57586
11909
19311
35882
840
14843
27851
19513
25923
51971
41265
37220
45480
23205
4929
28575
11771
64287
45286
10605
41112
46200
56963
2214
31698
11921
61271
44585
6025
32603
56409
8490
42412
34755
61338
25856
54788
4524
18231
2859
42482
46904
40197
6882
61502
48605
43279
51212
64403
24804
37266
7534
31333
19585
5344
49444
22686
12287
44451
60342
61749
40838
45470
8501
11171
61510
64361
5437
54678
8602
51796
48800
52275
15799
13659
8770
8276
17158
30857
61022
63045
40515
64649
3172
2629
27511
51028
51233
19283
8965
59575
49974
9285
30330
57005
23573
50015
232
8570
29779
57860
1719
24541
6959
21328
60125
7391
54014
35195
47644
40226
15112
37195
23041
30017
26485
61571
36740
49120
11935
51956
23128
34144
612
37101
40096
16892
26004
54468
58623
40663
52538
17157
35098
22591
25513
54481
19187
15501
5181
23934
8757
3278
60062
28362
46542
34741
54181
4356
49274
53797
24767
502
20013
58231
17692
38176
10015
18451
54952
7541
10625
63597
10081
8972
64317
50611
3877
59937
48016
58989
15873
51882
61190
64605
46126
3263
10733
55392
37711
58570
17294
45309
29781
28261
35352
13086
23316
17756
20955
6754
7239
27715
50467
64900
61606
22349
25156
60509
57370
11068
38399
60744
20317
64286
14181
30932
61579
12011
55760
47419
37006
22654
22560
39192
10363
57109
13296
61177
28296
53873
21111
17177
5944
22935
55678
36673
34882
62666
59192
51037
60519
51796
12955
8553
9638
33040
19653
46536
53923
34232
57789
50096
34997
47103
32119
20626
5664
19910
43952
64357
27634
40013
54364
17928
3301
31961
44335
44310
10942
12896
4432
8947
5744
19587
17719
45648
13476
45080
15297
37048
12497
4646
7538
63388
55489
9960
49544
64400
37276
5712
50264
60086
10935
29126
40372
44659
26925
40669
24313
17988
48868
6090
18734
52112
30502
57196
4731
62835
16325
25468
46485
51557
24365
50872
59329
57153
27333
9754
39092
17881
48450
2768
5586
58991
55002
32098
56688
4593
53558
26954
53737
20562
945
31154
9509
20983
14625
52203
65096
4593
37968
45431
58025
28464
39648
58709
21303
14405
17508
42567
48780
24944
19697
58571
59345
48509
7087
24356
41548
34881
1855
4872
21111
41603
40776
49846
65142
58451
25772
34237
62237
4432
17555
2948
40458
879
34418
39485
23488
41389
13885
10110
40854
23087
31397
37727
13748
38765
36751
62292
64204
6184
8049
35238
29861
5720
36579
2421
20375
48209
7387
55338
8818
54585
58396
19370
39412
53451
14115
21483
37184
52946
11362
26032
52232
15966
44046
58987
19304
52399
57478
17994
15935
39241
34229
38853
43814
27908
30660
62360
23410
41533
52636
44977
40481
29227
17634
11971
60749
63386
21303
22530
47934
48992
40900
4671
62351
40018
18716
5812
31564
25541
16901
13621
65223
35586
21631
34950
6013
31208
22827
58844
40360
1304
51910
172
19142
28478
46463
48074
35375
44852
49482
5432
62851
31819
43179
6790
59922
54529
17300
43801
27919
45958
39834
15338
9298
24639
31911
51181
4896
4622
8003
283
33748
10166
57391
19203
43804
27348
16478
6175
7520
15443
26786
45628
50618
55759
12835
64353
13679
50082
53153
15026
34196
43601
63641
61355
45218
49244
15927
80
61848
16543
38679
27735
61386
58070
21182
15054
1128
42073
27629
18646
55005
7275
33410
22950
43540
48741
52850
41404
42050
14913
52583
35842
59350
14926
47320
42736
44110
15611
29245
13506
31656
16482
17282
27590
733
31802
53882
58884
23506
60158
64464
24833
39767
58882
64634
49883
41194
28351
44167
22551
28068
54110
25494
37149
36552
27298
599
52789
48323
64734
9633
22646
41831
47668
37670
50392
45596
4805
56733
10017
52430
29035
13076
40182
7864
24077
27578
30715
10591
24259
11886
16660
23021
39046
19192
49365
53
36267
62457
27071
58182
56258
1265
58163
61803
51329
63318
61250
41883
8083
5287
38101
47226
1668
5983
60061
26528
16967
4453
22729
15617
1921
41153
57089
29816
65001
19208
19681
6309
7228
6452
17514
58614
32568
6455
58036
10980
16320
23566
37644
54444
35858
65392
38569
19969
13081
13602
24247
15343
18573
28641
55960
49772
16947
37659
10336
50788
45818
26494
46343
28736
46548
40642
19312
56272
57472
21963
2331
45249
48105
32995
54166
35114
56606
49977
5805
60414
48294
25805
5932
63038
54074
61738
34095
63724
43059
20873
43378
39510
51206
16105
14153
55468
50651
51284
38711
28845
52067
30498
14418
6100
62196
45815
59300
948
62234
18878
20510
56028
3339
4350
2639
17513
55931
7717
11450
23837
30709
65274
12993
51515
43211
6712
40204
29682
19928
10052
41237
15945
53772
45731
2685
31213
52306
26598
32361
34549
57097
22859
15124
57402
65351
32183
17199
20234
35503
59120
26798
34449
32513
53431
38058
36872
27672
11604
58693
58463
21678
4678
9761
56641
13795
46969
55137
6
48484
14783
29070
8159
19627
7625
5417
11083
37169
37004
2778
51713
6077
31798
51127
32365
35057
60111
59366
28287
63587
34990
19359
5478
31447
56860
14070
6423
17765
32868
46796
9563
60150
50158
17472
47349
403
41683
34599
6716
64050
39384
32430
28147
17776
14719
16546
3856
54117
23947
58135
36594
32100
15311
11432
7555
13211
22341
62595
52785
44803
30344
1
13204
36796
57655
61239
63110
61765
48839
59306
22671
42752
40685
5020
23242
9427
8324
24644
36018
1792
50146
48463
14080
49841
10480
18172
47387
9035
64692
31186
61666
18677
25926
50722
30689
10185
51871
31168
23538
26189
61147
6869
54916
39511
42310
34424
58174
34436
25982
46182
38662
13667
744
7578
49499
52051
2437
55658
56927
8828
31610
29394
15714
52761
48903
53658
45345
57609
38757
57291
14830
49241
42025
36594
6519
